1111110100000011010010110111100101011000101110111 00000101 00110101010 1000001100 111001110100111001
111100 1100000001000111 0011010110001000010001001010110101011 10001011110011001111011000000001100110
01 1 01000010111001110101101111 11000011100101 1 01001110111110011100010100010101000100000010000 011
1010111100010101000001 1101000 0000110 011100101100010000010100001110101100011010000 01000 000001010
0011 10011011010011000000100000100100111010101110001101100010101111000000110110001001110100000010010
0110011100110110011100001001110111100000001100000 00111011010011010011100000001001001111001000111 11
011110110100111001000110101000101 10101010000011000100001001110011011100100100100001 010110101000111
01110100100011011010011110100011000001000011000011011011100010101111010000110 1100010001010010 11010
01100000000111000000100011001101110100 01110111101000000111100011 0101100000010010000111001000001101
 0001001001001101101001100000111000001011110010010000010100001101 0011000110010011011 1001010011  10
000000001001100101100011101111111010001 101100110110101 0010000101001100111 1100100101001011000 0110
00 001010001010001100000000000010100110111001100010100100101100 010000000011111110100101111101011001
1101001000110000101010100110001000001001110000000000110000001110011010010000001011100100110001000001
01010101010011101111011111011010101010100001010110110010011000110 00 010000010010100 10101001010000 
11101001010011101111110001001000100001011000100100 1100000100011001000111000111101010000110101101101
00001001101010000101111011011110000010110111101100001011111110010001010101 1001 11001011000001001001
0111001001001010001100111001011001111011001110110100010111001110110010101000001001001001001001011000
010110100 11001100000001011010100000110000100100001101101000000010010111 011010010000010111010101110
10101000000011001 0011001000001011101001001100100100110010100010000000111001000101101000101110100000
11 110000110010 1000100101001001001100000000001011111110010100100110 000001100011001 110011110101010
01101001001000001000011100110100010110101 010000 001001111000011000100111000111101100101000100101010
111100011000100000110011110 1001001101101100111000  001111010101100000011100000010000000010001110101
0111000010010101101100011110 00000011000001111111110111110011110011000101001111101100000010100001100
00000 0000000110010001011010101111110011010111101110011001000100011100000000010001000110100001101010
111110100101110110000111000 10111101001100010011 11001000010100110110001001101000011 001011010011000
111001010001100101110011000111100110100000011111 10010000111011000011 011001000101000010010000000010
0010101001000000101010100001000011111001011011111011 1011011000 011000101001001000010 00111010000001
1101 00101010011111011000110010000101101001100000 111011101110111100000011111011001011100111 0100001
111010000111001 01001110001101110000101000110110000001011111000111110100000110 011100011101000110010
11000110001 001101101000 101000100011101001100100010101111111011100001100001011010011111101100001010
011011100100100011001101 111000000011111110100 011000000000100010010010 1100000110110010000000101111
001001000001001110000000001011110000111110111001000010000101110000101 10 11000101111001011000111111 
0 101001100100100101010000010010111000000100 0100110101000110110000001101000111011000110010010101101
011101000000110011100010101100100110010 011111100000111000010000000001011010101001101101110010011001
1 10111000101100 001010 10 0001010100110111001111110001111001000010110110001010010000100110011100100
010100010100110111100111010100111001011001010100111 010 11101001110100111110110000100110010001110101
00000111111001100011001010010000111001100001 010100010000010111111010100100111001100110011001110 00 
1000010011010100111010101101000110100111100 111000100010010010001111010001 0001000101100111 00011010
0101010011001 0100100100010011010100111110011011011000001010100110010100111 110 00010110000101000011
1101101 00001100 01101 10 010 0 000100101111011110110110110000001001000000000101100000010  010011001
0000110100001000100000101011011 11001010100110100110110100011000100000000 00000000000100110100000000
000000000101 010011110100110111110100 10100011100110000000111110101000001101110000110100101100010000
0000110011000100100011000000000101101000100001010111100110011111000010111001111 00111100101100000111
10001010 10000000 11000010101100000010010010 1111101000011010101100000010001011000110101001110000000
1001101000001001000 11 0101100101011 00011010100100111110101111110 0 10010001010101000010100 0110101
1111010001000010010 0110111000010101000110000110110001100100000111011000111000 1010001 0 10011101000
100001110000010010110001 1011110011101110000000010101010000001110100101101 0100000001 11110010100100
1000101110010001110011110111010010100001001000101000000111010100101011111010011110001000110001101000
00 0010 01101110011000 011000000111101100001101010000000011011001111100010110011 00000010011 0111111
0 00101100101010110010000100010101001110001110110000011100110 10000101111001100100010010111010111000
0000101100000100101001010 001000110000110110111000101010100  010010011110001001100111010 00000011010
00000100000001 11001101111001000 111010001111111101 0000011101010110000000100110111100111 1101000100
11 0101010111101101000111000010100 1110110001001011111010010011100 0000000101100010  011011000100000
1011100110 000000101001110010001000010011100110001000110000001101 0000110000010101010100100111010101
0111110001111110110000100101110000110101110100000000101001000010101101011011011100111101010010111100
0100010010000000010010001110010110110011010010101010000000001110100010 10100 01011000010001010 01110
11100110000010100010000010000000010000010100100000 101011010000101010111010 001000000000010110000001
101001000000101010 010100011110001110010101101110000011010010000001000010001101011110110010001010101
01001101 010000011100111001111110100010110001 0101011000010000001110000 110001010 011101000100001 00
00001011011101111000111011010001000100011010011100011010111101001110000000 1110101010011001010001001
01001 1110101100110100111010101010101011010011001110010101000100000011100100010000000110101110 00110
11 101010001010101101100101000100101001000010011000011000110110111 110111010000001100010010101010000
10001000001001101001100001100001111011001 001111111110100001110101010101011001110000100010000010110 
01101 110010100101000 1101 0110100000101011001001 00 01110001011110110001001 010011101 001 01101110 
0010111000011001000 101001011111000001101111000000000101101000 000011101100 110010010100000001101010
0001 0111 101011101110011100010110011101111000100000110 10100000 01001001110101001 10101000010010001
100110 1001100001100100011100100001100110010001111110001100 000000 101101100001111000 10111100100111
010111101101000101100010 001 00011001000001110000001 011000111 10110101110100111101000011 0001001010
00110101110000101011010000 00011010111001000010 01010011100100001110100011 01010100 1011110101100101
101001100100100101100000001100011100101010011101000101001111 011110010101000000010010111000111101 01
011 0100111000000001011100010001100001111111001110110111000 0011010 00111111111001011011001110000000
01000011 0010010000000100011110100101110000111000001010001001001011 01011011011111011001011010001011
1111100101100110101001001011100110000001101000110100010010110011100000011110000100011100110101100110
01110000010000 01 1011110110110000001000011000101101000111101011000100011110000010011110100010011 01
0010010010001011111010010000 00010001 000101110 01010 11101110011100 00101001110110 1100100001001000
0001111100100001001001 1001000 0000000111 00101100010110011101 0011 00010000000000010101111011010010
0100010001101010001000011011110101 010001101001001110101100001011010111010100011 011111100101 011011
00 0011111011101 11100 10001011011001100011000001010001111000000100001001000110101000100001000010100
01100100 00110011000011000101100011 11100100001100000101 01 10101 111010110101000100100011011 000100
0111100110101 0011111000001011101011110001001000001011001110011101100011110001101111000100  1110010 
100110010001101 1000101100011010 1011101011100010000100001001000 00101110111010001000000110101011011
1101110111000001 000101101 1110011001110101000101001010001100001000011101000101100100110100110010100
10010000011100 100110010 110000000  011000101001100100101010110010000101001101101 0010110001 1001010
00011001100100001011011101110110011110011001100100010 1101100110110100001111011110111001000101101111
100101000000000 000000010101100001111011010111000100100101110000000100010010001100101010011100011000
0100101110100000100100010101001111011110100101011101000000110000110100000011100001 1000100100010001 
110  10100101100011 01100010001010010111101111010000 1011101110 010 01101111010000 11001001000000001
 1101000000 11001010111111010000 11111101111011 1111101110000000 0000001000000111 101110100100111 10
110001100011010100 001110111101000111001100001011100000010100010101010000011001000001011000100010010
100101 001110001110110000010100000 100000100101000111110010000001000 10011101110011101000000 1101010
011100000101110001111010100010010011011010110111111101001111100101111010110000000 011000111110110011
0010100000001010101111001000010 1101110101001 001011011011111010000 01111010110100 01110001101010101
1001101010111001100100000 00010101000 1100010011101 001100 000 1101100101111001011 00001 000 1000111
0000100100 11100110001110100001100010110110011000001000000110101010100011111000110000010001000100011
0000 101 1010101001111000110001001110000011001000010001000011111000101101101001100001011010100010101
111000101000010000000011000110 01100 11011000011011110010 0001011000010100000 0100010010111010100000
10001110011100011111111010111101010 011101110001000100101100000011 010000110011110000100100001001100
0011 100010 1101001011011000100100110010010010011000001000010001011100111010100110111101010011100110
0010 10001110 11011101011011010100110100000000 010100101 10110100000011100 1110100100101110100010100
1101010101110110010 0001010110100110110000100100000000001010000010110011001 01001110010011111110011